%time,field.data
1512000298526428937,2.85569519042
1512000298808645963,2.87539760757
1512000299107836008,2.88978172546
1512000299412638902,2.90182079631
1512000299796302080,2.89163629611
1512000300106966018,2.90158253987
1512000300399849891,2.91540251813
1512000300777179002,2.90731841301
1512000301115863084,2.90902366467
1512000301416018962,2.9196756485
1512000301704530000,2.9325538852
1512000301997045993,2.94394618255
1512000302281043052,2.95672704401
1512000302572792053,2.96725973089
1512000302862731933,2.9777417692
1512000303192565917,2.97949388764
1512000303509453058,2.98399671341
1512000303769730091,2.99978819314
1512000304148871898,2.99111368142
1512000304530247926,2.98224482352
1512000304895665884,2.97694691742
1512000305161645889,2.9904494731
1512000305410799026,3.00634200688
1512000305664473056,3.02105107567
1512000305954267024,3.02882057128
1512000306244055986,3.03635771515
1512000306540399074,3.04265475076
1512000306843420982,3.04750030677
1512000307152396917,3.0511489894
1512000307461555957,3.05475410986
1512000307775147914,3.05742950075
1512000308120255947,3.0549862049
1512000308415982007,3.06056256798
1512000308701033115,3.06752521209
1512000308978251934,3.07538877252
1512000309278325080,3.0798265598
1512000309639713048,3.07438159775
1512000310012761116,3.06788285448
1512000310327027082,3.06990176676
1512000310621066093,3.07491608564
1512000310907098054,3.08078447333
1512000311198304891,3.08573132856
1512000311520601987,3.08633862653
1512000311874911069,3.082750359
1512000312223225116,3.07985432451
1512000312595407962,3.07390885576
1512000312931879043,3.07284481529
1512000313245219945,3.07468394224
1512000313567958116,3.0754275739
1512000313870682954,3.0785868421
1512000314174957036,3.08135660977
1512000314474504947,3.08472623033
1512000314766612052,3.0892468923
1512000315089782953,3.08928661166
1512000315411942005,3.0897992145
1512000315733630895,3.0902570684
1512000316011507034,3.09577472244
1512000316339298009,3.09544100497
1512000316669653892,3.09490681828
1512000316992245912,3.09514875038
1512000317353187084,3.09122077865
1512000317651386976,3.09436612828
1512000317942051887,3.09823071873
1512000318239063024,3.10128909359
1512000318544039011,3.10339914037
1512000318858726978,3.10443336401
1512000319189184904,3.10389121257
1512000319489861965,3.10642458438
1512000319794329881,3.10850236829
1512000320083237886,3.11192814202
1512000320382494926,3.11437398193
1512000320689457893,3.11603332446
1512000320990278005,3.11819540303
1512000321300676107,3.11944270171
1512000321589318037,3.12275742441
1512000321859275102,3.12778539035
1512000322158730983,3.12991928331
1512000322469301939,3.13097795495
1512000322765333890,3.13332706052
1512000323040335893,3.13766374472
1512000323323760032,3.14120729518
1512000323602332115,3.1452828369
1512000323883500099,3.14854909735
1512000324264066934,3.14315761247
1512000324542077064,3.1469117162
1512000324821454048,3.15053786382
1512000325083800077,3.15561033966
1512000325349292993,3.16030211221
1512000325625138044,3.16402426136
1512000325929133892,3.16535019329
1512000326235898017,3.16632605336
1512000326518644094,3.16931852636
1512000326788822889,3.17338424804
1512000327093611955,3.17446355985
1512000327382770061,3.17681032623
1512000327672240018,3.1790923219
1512000327984173059,3.17947185345
1512000328280127048,3.18122216251
1512000328595443010,3.18136418788
1512000328960874080,3.17745334761
1512000329233539104,3.18118264708
1512000329505789995,3.1845293915
1512000329849390029,3.18237920546
1512000330204832077,3.17942144728
1512000330547290086,3.17747819746
1512000330801306009,3.18238683603
1512000331061192035,3.1867053295
1512000331353965997,3.18847758455
1512000331710319042,3.1856882684
1512000332058617115,3.18305792099
1512000332409430980,3.18061809473
1512000332754538059,3.17855667085
1512000333093251943,3.17703515703
1512000333405970096,3.17744106257
1512000333725765943,3.17725525822
1512000334003710985,3.18005195361
1512000334296312093,3.18173038409
1512000334596517086,3.1828943675
1512000334896365880,3.18404147871
1512000335192145109,3.18545094589
1512000335507508039,3.18554761439
1512000335747354984,3.19080344678
1512000336066329002,3.19055758865
1512000336369594097,3.19142781542
1512000336704833984,3.19019510505
1512000337056135892,3.18785584684
1512000337369733095,3.18802911248
1512000337640959024,3.19101344413
1512000337918186902,3.19353452241
1512000338228957891,3.19383366122
1512000338544835090,3.19384484604
1512000338845711946,3.19479356182
1512000339159632921,3.19491917888
1512000339480959892,3.19474766532
1512000339836380958,3.19221074457
1512000340166341066,3.19137814991
1512000340505963087,3.18985992435
1512000340806008100,3.19083821292
1512000341103473901,3.19198399716
1512000341397651910,3.19330960708
1512000341725955963,3.19250351432
1512000342067399024,3.19094495115
1512000342450428962,3.18700140684
1512000342753197908,3.18783317393
1512000343042388916,3.18941565043
1512000343325356006,3.19141466722
1512000343664556026,3.19002446063
1512000343954545021,3.19162909136
1512000344268722057,3.19158340329
1512000344620183944,3.18952026893
1512000344942454099,3.18916503865
1512000345249202013,3.18969562844
1512000345595388889,3.18803677782
1512000345867275953,3.19062050392
1512000346230397939,3.18808542891
1512000346591506004,3.18553356284
1512000346858541011,3.18827335593
1512000347211255073,3.18623176579
1512000347508418083,3.18725571531
1512000347800121068,3.18858310006
1512000348102776050,3.18931673649
1512000348402292013,3.19023612156
1512000348701558113,3.19113405371
1512000348977647066,3.19331201375
1512000349257882118,3.19524523382
1512000349586361885,3.19471814757
1512000349951134920,3.19201663163
1512000350291784048,3.19073384508
1512000350586405038,3.19183151356
1512000350925760030,3.1906271802
1512000351218844890,3.19184572261
1512000351502327919,3.19362240177
1512000351797142982,3.19454712174
1512000352159950971,3.19217236505
1512000352465291023,3.19270723306
1512000352785831928,3.19247915432
1512000353135960102,3.19074915211
1512000353456013917,3.19055485348
1512000353776612043,3.19028556072
1512000354079474925,3.19089544566
1512000354398329973,3.19092381852
1512000354663295030,3.19324470924
1512000354932651996,3.19550238752
1512000355225548982,3.19661286793
1512000355524802923,3.19738742885
1512000355825774908,3.19809836553
1512000356104621887,3.19989010906
1512000356409621000,3.20036969537
1512000356715922117,3.20077200587
1512000357014169931,3.20156760864
1512000357310250043,3.20247506404
1512000357620177984,3.20270299553
1512000357910131931,3.20391890692
1512000358217694044,3.20440745215
1512000358502445936,3.20571045456
1512000358809248924,3.20603232568
1512000359168220996,3.20395649333
1512000359518913984,3.20228631046
1512000359804614067,3.20358389926
1512000360098711967,3.20447228166
1512000360394423007,3.20528976994
1512000360708107948,3.20530249323
1512000361052738904,3.20394572301
1512000361350413084,3.20466262928
1512000361671314954,3.20433281176
1512000361998085021,3.20380896469
1512000362315619945,3.20368912477
1512000362634459972,3.20351423075
1512000362968894004,3.20267794098
1512000363293729066,3.20231526056
1512000363590465068,3.20308521116
1512000363897492885,3.20343439984
1512000364202591896,3.20382864307
1512000364500189065,3.20457133027
1512000364850400924,3.20301152679
1512000365166476011,3.2029180786
1512000365491971015,3.20247312242
1512000365821877002,3.20182898108
1512000366136367082,3.20185807158
1512000366509843111,3.19940074069
1512000366848999023,3.19840673876
1512000367165465116,3.1984139341
1512000367519330978,3.19686168009
1512000367909142971,3.19383039714
1512000368311536073,3.19037123838
1512000368706331968,3.18724630389
1512000369007834911,3.18777231969
1512000369335005044,3.18733306505
1512000369638945102,3.1878157015
1512000370005534887,3.18581881034
1512000370381875038,3.18343433821
1512000370730839967,3.18214225321
1512000371075051069,3.18109135141
1512000371352559089,3.18262671139
1512000371629126071,3.18422258096
1512000371968796968,3.18334226507
1512000372346328020,3.18105050765
1512000372733362913,3.17837991312
1512000373119663000,3.17577275949
1512000373511013984,3.17296325689
1512000373889749050,3.17067477656
1512000374297429084,3.16731847399
1512000374694643020,3.16438204493
1512000375090454101,3.16147845219
1512000375459247112,3.15961673847
1512000375853857994,3.15685622072
1512000376230706930,3.15480850001
1512000376615663051,3.15242688025
1512000377000066041,3.15010357989
1512000377369585037,3.14839689279
1512000377745807886,3.14631279572
1512000378122453927,3.14431287718
1512000378482588052,3.14290319429
1512000378783451080,3.14362475466
1512000379101531982,3.14366788297
1512000379450196027,3.14267074622
1512000379808012962,3.14136393065
1512000693566206932,3.63042291791
1512000693896891117,3.31425045918
1512000694227541923,3.2200232725
1512000694537487983,3.22666620984
1512000694882854938,3.15977113267
1512000695151797056,3.24535706008
1512000695491094112,3.20233842144
1512000695832504987,3.1685795565
1512000696123204946,3.19878820008
1512000696439207077,3.19809492913
1512000696742053031,3.20931107737
1512000697033962965,3.22770363855
1512000697348988056,3.22494670563
1512000697667284965,3.22059484348
1512000698008168935,3.20081746864
1512000698338562011,3.19066420587
1512000698650954008,3.19243423194
1512000699050714969,3.14542405588
1512000699380876064,3.13985963983
1512000699691003084,3.14506206095
1512000700008934974,3.14700565386
1512000700311408996,3.1549396047
1512000700612730026,3.16297466002
1512000700912107944,3.17106229095
1512000701231632947,3.17015837626
1512000701588018894,3.15519902498
1512000701951095104,3.13943910272
1512000702244767904,3.1488654753
1512000702551755905,3.15319257898
1512000702877119064,3.15107953492
1512000703198435068,3.15056225454
1512000703511651992,3.15259398895
1512000703812160015,3.15833373616
1512000704144201993,3.15446024208
1512000704502561092,3.14367740341
1512000704845185995,3.13747691065
1512000705159663915,3.13930262191
1512000705454833984,3.1458342661
1512000705769920110,3.1471909747
1512000706151108980,3.13256071649
1512000706559868097,3.1115153154
1512000706880337953,3.11220743459
1512000707219428062,3.1087163825
1512000707500682115,3.1180978519
1512000707782351016,3.12726153586
1512000708061777114,3.13590524021
1512000708401885032,3.13206510046
1512000708689604997,3.13900932197
1512000708966938972,3.14802530233
1512000709290617942,3.14747369852
1512000709577824115,3.15392865437
1512000709865987062,3.15995172392
1512000710195187091,3.15807342729
1512000710573602914,3.14753708704
1512000710914594888,3.14382317091
1512000711271948099,3.13733624773
1512000711609833955,3.13458757501
1512000711927572011,3.13514041539
1512000712250293016,3.1349360508
1512000712543262004,3.13958123447
1512000712837814092,3.14393871557
1512000713166201114,3.1427002358
1512000713487709045,3.14273795112
1512000713823175907,3.1405403174
1512000714157092094,3.13856955128
1512000714472578048,3.13934608071
1512000714810456991,3.13686550703
1512000715123898983,3.13827468255
1512000715418853998,3.14232045026
1512000715764795064,3.1389051072
1512000716110626935,3.13571051875
1512000716485183954,3.12831700788
1512000716846456050,3.12317091068
1512000717199676036,3.11915037844
1512000717583178043,3.11136882469
1512000717906054973,3.11170575943
1512000718214025974,3.11355697252
1512000718523890972,3.11545750631
1512000718869448900,3.11269307439
1512000719243758916,3.10658383971
1512000719570584058,3.10641284299
1512000719903099060,3.10578043008
1512000720214322090,3.10739887672
1512000720560141086,3.10472384863
1512000720911308050,3.10172973451
1512000721268328905,3.09809636789
1512000721628705978,3.09439533807
1512000721930025100,3.09701676044
1512000722235316991,3.09927100963
1512000722533834934,3.10215466047
1512000722859467029,3.1020762265
1512000723174571990,3.10329864397
1512000723474040031,3.1057179599
1512000723756277084,3.11007320911
1512000724056746006,3.11261284269
1512000724341376066,3.11661325865
1512000724645190000,3.11852889651
1512000724963658094,3.1189588783
1512000725253257989,3.12224426198
1512000725527714014,3.12703187173
1512000725823265075,3.12965257473
1512000726111684083,3.1329206419
1512000726413645029,3.1348920915
1512000726724869966,3.1359378703
1512000727043514966,3.1362404538
1512000727366869926,3.13598436473
1512000727658751964,3.13873337323
1512000728015265941,3.13550959562
1512000728425200939,3.12778748816
1512000728741381883,3.12819589387
1512000729008596897,3.13285934895
1512000729284512042,3.13692460779
1512000729574846982,3.13962161788
1512000729876866102,3.14141506009
1512000730226975917,3.13904008901
1512000730538117885,3.13999172512
1512000730814680099,3.14387693251
1512000731086627006,3.14812858958
1512000731361438035,3.15200328782
1512000731643460035,3.15523271134
1512000731962471961,3.15532995688
1512000732272917985,3.15619685845
1512000732595978021,3.15602715846
1512000732870464086,3.15961201553
1512000733195712089,3.15906655713
1512000733537323951,3.1572832438
1512000733863903999,3.15669066092
1512000734250191926,3.15152108277
1512000734605319976,3.14883869864
1512000734912652015,3.1497524607
1512000735205468893,3.15186962403
1512000735488059997,3.15465289319
1512000735790616035,3.1558943478
1512000736088177919,3.15750498752
1512000736401169061,3.15802615225
1512000736650439023,3.16313655451
1512000736915698051,3.16711049812
1512000737206804037,3.16901534418
1512000737523591041,3.1690902712
1512000737872853994,3.16692359687
1512000738155543088,3.16950851155
1512000738482038974,3.16892319645
1512000738785593032,3.16994686411
1512000739070209026,3.17228077897
1512000739365699052,3.17379600646
1512000739686391115,3.17375570826
1512000739961894035,3.17655605362
1512000740221026897,3.18051622083
1512000740500269889,3.18311415131
1512000740779789924,3.18564389291
1512000741133512020,3.18318897195
1512000741429716110,3.18461990866
1512000741750916957,3.18439344766
1512000742088831901,3.18305346338
1512000742430550098,3.18143249206
1512000742746660947,3.18151789265
1512000743069406986,3.1811630607
1512000743366004943,3.1824392811
1512000743675210952,3.18290844854
1512000743966921091,3.18450626873
1512000744257647037,3.18611892163
1512000744601815938,3.18443038343
1512000744919559955,3.18432531752
1512000745250385999,3.18342516438
1512000745530621051,3.18563954851
1512000745834806919,3.18636808693
1512000746123475074,3.18804692352
1512000746428646087,3.18876883492
1512000746709722995,3.1908939285
1512000747010305881,3.19184130101
1512000747337083101,3.19120520281
1512000747669297933,3.19029697984
1512000747945647001,3.19255618233
1512000748222120046,3.19485409402
1512000748547287940,3.19425584
1512000748821479082,3.19665181027
1512000749094831943,3.19911381913
1512000749383151054,3.20060848064
1512000749675199985,3.20190578096
1512000749962080955,3.20350716536
1512000750233778953,3.20594521011
1512000750569570064,3.20473751656
1512000750845906972,3.20687016486
1512000751118531942,3.20930848316
1512000751398336887,3.21104242356
1512000751685839891,3.21249556882
1512000751984533071,3.21332346697
1512000752319856882,3.21212474824
1512000752610663890,3.21339140735
1512000752897176980,3.21485561432
1512000753205331087,3.2151573778
1512000753490806102,3.21670778897
1512000753790738105,3.21749949657
1512000754140053987,3.21556624655
1512000754474991083,3.214420298
1512000754808659076,3.21336666429
1512000755108668088,3.21411205149
1512000755445532083,3.21292728998
1512000755740298986,3.21390994301
1512000756047866106,3.21426401822
1512000756338294982,3.21556931261
1512000756614705085,3.21750092195
1512000756925851106,3.2175833691
1512000757274007081,3.21583312275
1512000757597853899,3.21529089637
1512000757908368110,3.21542789094
1512000758267097949,3.21318928469
1512000758581315994,3.21314868059
1512000758860655069,3.21490248818
1512000759149322986,3.21613976479
1512000759466633081,3.21602909657
1512000759835870981,3.2132999824
1512000760160098075,3.21283976329
1512000760461859941,3.21345960822
1512000760734680891,3.21547342034
1512000761030586957,3.21634714665
1512000761313473939,3.21776903188
1512000761659630060,3.21618482519
1512000762024003028,3.21381833496
1512000762338521003,3.21380980628
1512000762639331102,3.21442907463
1512000762965198993,3.21400078649
1512000763268697977,3.2143756247
1512000763571109056,3.21485421203
1512000763868216991,3.21562207073
1512000764166738033,3.21645575746
1512000764461247920,3.21714878991
1512000764749802112,3.2182411442
1512000765049185991,3.218893072
1512000765377849102,3.21819309435
1512000765681196928,3.2186444218
1512000765974338054,3.21957832266
1512000766326436996,3.21802010704
1512000766674020051,3.21633446601
1512000766997452020,3.21586757969
1512000767336806058,3.21475342837
1512000767641782045,3.21512764931
1512000767949670076,3.21538992818
1512000768332995891,3.21235590446
1512000768692537069,3.21039891897
1512000769028168916,3.20952829551
1512000769393934965,3.2073374664
1512000769709180116,3.20725628029
1512000770062771081,3.20554156394
1512000770375123977,3.20560358687
1512000770703850030,3.20499515908
1512000771033962965,3.20433687932
1512000771359021902,3.2039228321
1512000771691809892,3.20320996333
1512000772056893110,3.20118721194
1512000772406245946,3.19978875736
1512000772741255044,3.19895683025
1512000773052180051,3.1991317625
1512000773351361989,3.19978335695
1512000773727900028,3.19729283684
1512000774097934007,3.19509041895
1512000774497548103,3.19178403025
1512000774829657077,3.19105433048
1512000775142946004,3.19117975076
1512000775471334934,3.19066068853
1512000775780251979,3.1909094021
1512000776148542881,3.18889025265
1512000776477214097,3.18840222304
1512000776786341905,3.18868511825
1512000777110009908,3.18843556858
1512000777464482069,3.18695792614
1512000777782726049,3.1868776447
1512000778162182092,3.18450459646
1512000778500896930,3.18369142721
1512000778852202892,3.18234976561
1512000779160885095,3.18263259694
1512000779501245021,3.18175958202
1512000779820693016,3.18169189984
1512000780143389940,3.18145731346
1512000780478025913,3.18078096472
1512000780789488077,3.18106372256
1512000781100502014,3.18123074014
1512000781406439065,3.18168085284
1512000781721355915,3.18162074949
1512000782077747106,3.18019047078
1512000782440334081,3.17853149656
1512000782815207958,3.17650997203
1512000783150732040,3.17587960962
1512000783428514003,3.17728065552
1512000783774326086,3.17631605937
1512000784109829902,3.17567423918
1512000796018568038,3.55996768774
1512000796317423105,3.46271514542
1512000796651369094,3.29926640976
1512000796931386947,3.37046404203
1512000797291234970,3.23750630856
1512000797674823999,3.11629652303
1512000798032789945,3.07223696215
1512000798372765064,3.05566601077
1512000798724767923,3.03300457548
1512000799020029067,3.06655603416
1512000799329859972,3.08208991228
1512000799623631954,3.10787992938
1512000799935209989,3.1170309425
1512000800246139049,3.12526249833
1512000800551937103,3.13595097535
1512000800835558891,3.15890666391
1512000801131170988,3.17235909872
1512000801430278062,3.18250508045
1512000801780929088,3.16437645922
1512000802065474033,3.18110566917
1512000802348664045,3.19752277033
1512000802627207040,3.2148123886
1512000802905405044,3.23043364548
1512000803185548067,3.24413948982
1512000803496140003,3.24419738632
1512000803830832958,3.23445399109
1512000804127548933,3.24008465382
1512000804442503929,3.23861970722
1512000804732924938,3.24630533694
1512000805048974990,3.24432764731
1512000805370775938,3.24041767023
1512000805750638008,3.2185432423
1512000806081275939,3.21251076861
1512000806448077917,3.19680858312
1512000806753093004,3.19954606171
1512000807073272943,3.19838483698
1512000807389920949,3.19742985818
1512000807687900066,3.20189862828
1512000808015971899,3.19841528423
1512000808421727895,3.17542421859
1512000808810177087,3.1580675943
1512000809178498029,3.14620814362
1512000809479558944,3.15046979216
1512000809758542060,3.15959446419
1512000810042321920,3.16749236719
1512000810331727027,3.17377756861
1512000810611365079,3.18177514314
1512000810944741964,3.1783543929
1512000811232261896,3.18453435161
1512000811493408918,3.19569517219
1512000811769857883,3.20348166568
1512000812042946100,3.21171792637
1512000812364914894,3.21024511472
1512000812692854881,3.20770179332
1512000812991244077,3.21061698106
1512003541088483095,3.50121852383
1512003541388169050,3.43153629554
1512003541698280096,3.36695520934
1512003541988575935,3.39065216406
1512003542274457931,3.41534369316
1512003542546350955,3.46079673426
1512003542834002017,3.46790983849
1512003543150243043,3.43019981205
1512003543555505037,3.28985682147
1512003543851248979,3.30077930066
1512003544127240896,3.32976644413
1512003544458244085,3.30363416326
1512003544769089937,3.29867621543
1512003545093436002,3.28398007552
1512003545399940967,3.28446810943
1512003545694070100,3.29276528105
1512003546050286054,3.26079319031
1512003546433732032,3.21721660148
1512003546838123083,3.16950248975
1512003547222670078,3.134531896
1512003547599379062,3.10864420943
1512003547926604986,3.10706676972
1512003548309484958,3.08245504828
1512003548688725948,3.06188127778
1512003548994379043,3.07073287401
1512003549325819969,3.06879640939
1512003549631742954,3.07646537566
1512003549906464099,3.09411557431
1512003550217375040,3.09876934392
1512003550540158987,3.09944115012
1512003550840696096,3.10657857249
1512003551124489068,3.11874781792
1512003551416136980,3.12794893102
1512003551703423023,3.13808203176
1512003551998827934,3.1451877747
1512003552372867107,3.13058529162
1512003552716726064,3.12482723004
1512003552997330904,3.13535604181
1512003553283320903,3.14406059528
1512003553562606096,3.15406490747
1512003553877145051,3.15509310635
1512003554224863052,3.14837320715
1512003554508940935,3.15667581024
1512003554779386043,3.16756909424
1512003555080400943,3.17122012637
1512003555411030054,3.16822828823
1512003555706779003,3.17280546217
1512003555998975038,3.1780638865
1512003556274344921,3.18702219524
1512003556548166990,3.19501530765
1512003556864545106,3.19473743646
1512003557131211996,3.20430244292
1512003557406869888,3.21181722958
1512003557707700967,3.21432027473
1512003557997143030,3.21874792469
1512003558286964893,3.22320844201
1512003558623564958,3.21903362763
1512003558972661972,3.21277959508
1512003559261882066,3.2171505394
1512003559553369045,3.2208098569
1512003559837771892,3.22555004733
1512003560140064954,3.22717973984
1512003560419576883,3.23255129021
1512003560704881906,3.23682502524
1512003561014801025,3.23704869651
1512003561333909988,3.23577611489
1512003561635996103,3.23717884887
1512003561937480926,3.23867723796
1512003562225914001,3.24204125359
1512003562508132934,3.24624341941
1512003562802572965,3.24873624978
1512003563111249923,3.24882699723
1512003563390358924,3.2532938895
1512003563668039083,3.25783281584
1512003564017962932,3.25204399868
1512003564277937889,3.25896372062
1512003564556689977,3.26315019867
1512003564943815946,3.25244125869
1512003565227965116,3.25591891394
1512003565505665063,3.26009276201
1512003565782835006,3.26422569753
1512003566130203962,3.25920933262
1512003566403388023,3.263815431
1512003566691900968,3.26633563716
1512003567028064966,3.26278416154
1512003567314335107,3.26564902719
1512003567635966062,3.26400969326
1512003567944407939,3.26399305571
1512003568225259065,3.26735609592
1512003568597500085,3.25975203388
1512003568902513027,3.26020539148
1512003569221875905,3.25904450238
1512003569492661952,3.26345585948
1512003569827919006,3.26042073237
1512003570131164073,3.2610824664
1512003570505512952,3.25387734444
1512003570829736948,3.25227115236
1512003571096242904,3.25695696176
1512003571355031013,3.26241611809
1512003571639184951,3.26501795724
1512003571935254096,3.26629126515
1512003572283332109,3.26207652529
1512003572665545940,3.25474379872
1512003572940190076,3.25804295563
1512003573263468027,3.25657806515
1512003573599158048,3.25407135801
1512003573904006958,3.25441464552
1512003574177939891,3.25787590207
1512003574499149084,3.2566335795
1512003574815139055,3.25595911837
1512003575084644079,3.25974621358
1512003575407448053,3.25838175362
1512003575741218090,3.25610713778
1512003576051851034,3.25597295852
1512003576340512037,3.25783944841
1512003576634810924,3.25927325499
1512003576921888113,3.26146796705
1512003577197526931,3.26438329441
1512003577474586963,3.26724546836
1512003577772564888,3.26830484319
1512003578050806045,3.27073510078
1512003578336285114,3.27277979307
1512003578638756036,3.27309703617
1512003578926460027,3.27482114828
1512003579216876029,3.27628797245
1512003579531187057,3.2756958831
1512003579858031034,3.27411074612
1512003580184118986,3.27267790122
1512003580517689943,3.27057382619
1512003580821433067,3.2709340075
1512003581093837022,3.27382346977
1512003581396070957,3.2742218838
1512003581694196939,3.2750472277
1512003582006387948,3.27458604419
1512003582262768030,3.2786725269
1512003582549918889,3.28032248351
1512003582880892992,3.27846550208
1512003583246243953,3.2740081995
1512003583542882919,3.27493386625
1512003583869088888,3.27357730335
1512003584169011116,3.2741741896
1512003584432367086,3.27753303966
1512003584684376955,3.28186212763
1512003584993832111,3.28176523524
1512003585287477016,3.28265499459
1512003585561299085,3.28510115285
1512003585845299005,3.28673355913
1512003586121121883,3.28898008624
1512003586440944910,3.28801010334
1512003586811577081,3.28337403728
1512003587104686021,3.28434679997
1512003587370922088,3.28722209138
1512003587661271095,3.28845962866
1512003587944845914,3.29005147005
1512003588253320932,3.28991854411
1512003588602507114,3.28690899411
1512003588942873001,3.28454611114
1512003589286174058,3.28223611918
1512003589628559112,3.27974307727
1512003589873810052,3.28390737553
1512003590156632900,3.28550618216
1512003590525029897,3.28135943163
1512003590788614988,3.28422729098
1512003591025279998,3.28880993698
1512003591313184022,3.28999526337
1512003591605345010,3.29089750121
1512003591899615049,3.29168100147
1512003592240829944,3.28942860953
1512003592542673110,3.28974231783
1512003592803411006,3.29262019885
1512003593065613031,3.29537021056
1512003593351737022,3.29659091524
1512003593616702079,3.29912853299
1512003593883409023,3.30157264476
1512003594141659975,3.304471346
1512003594395901918,3.30759808439
1512003594633450984,3.31174700884
1512003594910578966,3.31352620247
1512003595215863943,3.31337074918
1512003595495394945,3.31489226562
1512003595781711101,3.31602634925
1512003596076339960,3.31657867979
1512003596373390913,3.31699677842
1512003596713689088,3.31482830313
1512003597078588962,3.31125912442
1512003597375907897,3.31171939032
1512003597633868932,3.31441915748
1512003598003209114,3.31066691861
1512003598340542078,3.30882606432
1512003598662115097,3.30785672687
1512003598954293966,3.30863041866
1512003599242451906,3.30961645404
1512003599558551073,3.30912975563
1512003599881946086,3.3079108827
1512003600171925067,3.30883508735
1512003600466190099,3.30948268734
1512003600739707946,3.31120409047
1512003601028637886,3.31209583216
1512003601305803060,3.31359163149
1512003601672007083,3.31017739907
1512003601954818964,3.31143186745
1512003602232335090,3.31291251767
1512003602554255962,3.31200408197
1512003602833998918,3.31331420768
1512003603114973068,3.31455360102
1512003603423960924,3.31433131904
1512003603757389068,3.31295991073
1512003604078273057,3.31197827621
1512003604348916053,3.31371266334
1512003604642200946,3.31427284038
1512003604928303003,3.31522479806
1512003605213965892,3.31619686372
1512003605518727064,3.31622206482
1512003605797939062,3.3175426521
1512003606077652931,3.31880831149
1512003606390255928,3.31832044485
1512003606694487094,3.31836471543
1512003606982475042,3.31906669895
1512003607334049940,3.31668439478
1512003607632685899,3.3169409844
1512003607922190904,3.31765790663
1512003608211224079,3.31845551964
1512003608508609056,3.31876821637
1512003608811074972,3.31884187063
1512003609128365039,3.31818649998
1512003609476469993,3.31605186136
1512003609819267034,3.31417993491
1512003610117641925,3.31444375844
1512003610400715112,3.31546995849
1512003610717016935,3.31488786942
1512003611103302955,3.31097580505
1512003611408816099,3.31096621117
1512003611677580118,3.31276289752
1512003611991431951,3.3122057117
1512003612344033002,3.30997394706
1512003612662823915,3.30932387234
1512003613007945060,3.30744084858
1512003613355015993,3.30546031712
1512003613633361101,3.30663096769
1512003613927833080,3.30710266169
1512003614273585081,3.30523054244
1512003614659188985,3.30159138261
1512003614991379022,3.3003787175
1512003615315198898,3.29954677419
1512003615665170907,3.29758318033
1512003616023494005,3.2952545753
1512003616387376070,3.29269780148
1512003616773082971,3.28941356354
1512003617117680072,3.2875652235
1512003617457463979,3.28609613654
1512003617806519985,3.28424016079
1512003618172596931,3.28167550726
1512003618514354944,3.28018009034
1512003618821594953,3.28019013026
1512003619124270915,3.28040807161
1512003619431030035,3.2804435468
1512003619733057975,3.28063241952
1512003620048680067,3.28024977266
1512003620385731935,3.27901548384
1512003620747503995,3.27672736198
1512003621047369003,3.27720295151
1512003621336471080,3.27776403045
1512003621638431072,3.27797573623
1512003621962698936,3.2772595629
1512003622281908988,3.27676817684
1512003622648228883,3.27439517481
1512003622959156990,3.27425561062
1512003623269308090,3.27415970884
1512003623578056097,3.27411315591
1512003623948832035,3.27162499275
1512003624252345085,3.27178465213
1512003624557415008,3.27188173319
1512003624862596988,3.27198929891
1512003625158433914,3.2724575416
1512003625449260950,3.27311208593
1512003625794913053,3.27163306061
1512003626099661111,3.2717886942
1512003626398897886,3.27210714516
1512003626702554941,3.27238801856
1512003626996810913,3.2727574486
1512003627318295955,3.27225247043
1512003627649995088,3.27135917759
1512003627962337970,3.27117636847
1512003628260890960,3.27151096961
1512003628606900930,3.27010689966
1512003628899096965,3.27065897518
1512003629203071117,3.27078874597
1512003629523561000,3.27032914865
1512003629832523107,3.27035849143
1512003630138551950,3.2704358769
1512003630490972995,3.26880936786
1512003630849632024,3.26699447641
1512003631209933996,3.26513358851
1512003631598452091,3.26225555381
1512003640367954969,3.53245383499
1512003640664602041,3.46086091282
1512003640965737104,3.42055672017
1512003641255563974,3.43429649011
1512003641576683044,3.36993012749
1512003641938036918,3.26366141826
1512003642287153959,3.19877819834
1512003642665774106,3.11914068204
1512003643042114019,3.06198244189
1512003643337527036,3.09311929387
1512003643647705078,3.10675652639
1512003643982873916,3.09751834535
1512003644308384895,3.09676889151
1512003644634207963,3.09682654653
1512003645019320964,3.0595871043
1512003645366254091,3.04888392328
1512003645665910959,3.06537754296
1512003645953685045,3.08694111002
1512003646263597965,3.09511401836
1512003646575831890,3.10169116648
1512003646895004987,3.10405123078
1512003647302817106,3.06813949946
1512003647686367988,3.04575383009
1512003648046680927,3.03406847823
1512003648326009035,3.05341647291
1512003648617377996,3.06748982621
1512003648907521963,3.08064571973
1512003649247447013,3.07609964595
1512003649543499946,3.08609870686
1512003649855726003,3.09035885452
1512003650147763967,3.10055984329
1512003650436500072,3.11129942247
1512003650724951028,3.12163834698
1512003651011897087,3.13196509888
1512003651294656038,3.14314565517
1512003651602618932,3.1462276064
1512003651896699905,3.1530030504
1512003652182014942,3.16206624552
1512003652475930929,3.16815039188
1512003652752669095,3.17846591277
1512003653050028085,3.18329152503
1512003653380347967,3.17990106403
1512003653756616115,3.16613607775
1512003654054228067,3.1708138553
1512003654376102924,3.16968023321
1512003654728902101,3.16190890139
1512003655026257038,3.16631268369
1512003719335504055,3.76550411961
1512003719643987894,3.49629142076
1512003719944704055,3.44342225154
1512003720238378047,3.44334738708
1512003720627032995,3.22644789027
1512003720905147075,3.28529289684
1512003721194880962,3.31128870942
1512003721506119966,3.30152682422
1512003721815939903,3.29518426142
1512003722108408927,3.30873638447
1512003722434192895,3.28720220782
1512003722725882053,3.30096555239
1512003723014554977,3.31461871729
1512003723319703102,3.31376295233
1512003723636281013,3.30494512091
1512003723930967092,3.31261167266
1512003724225055932,3.31937378952
1512003724502094030,3.33573740793
1512003724769300937,3.35624195752
1512003725047494888,3.36813555159
1512003725358057022,3.36195301822
1512003725660634040,3.36039907452
1512003725963619947,3.35863523954
1512003726253817081,3.36284180074
1512003726617476940,3.33471475048
1512003726932477951,3.32958881799
1512003727217547893,3.33656715069
1512003727506582975,3.34220762708
1512003727818016052,3.3374728865
1512003728126940011,3.33508199909
1512003728482709884,3.31580108962
1512003728823627948,3.30338304135
1512003783351901054,4.03908972877
1512003783553905010,4.46139168518
1512003783747379064,4.68228889778
1512003783934331893,4.83978731071
1512003784133385896,4.88526320851
1512003784352236986,4.83251960952
1512003784557008028,4.84499732964
1512003784773427963,4.81891571008
1512003784974607944,4.83802706041
1512003785175509929,4.85535907882
1512003785366004943,4.89112962189
1512003785574832916,4.88379204449
1512003785823525905,4.80683379011
1512003786078910112,4.73208440374
1512003786285423040,4.74272657587
1512003786492650032,4.74888215818
1512003786722700119,4.72777436284
1512003786962037086,4.69171285758
1512003787205050945,4.65888541162
1512003787463299036,4.61370753802
1512003787692785024,4.60158024682
1512003787949925899,4.56477897608
1512003788187390089,4.54869494314
1512003788384095907,4.56958813543
1512003788584884881,4.58533854039
1512003788832357883,4.56266758862
1512003789078142881,4.54355406705
1512003789291153907,4.54963613819
1512003789547763109,4.52425865885
1512003789803733110,4.5011520728
1512003790067787885,4.47455457023
1512003790300766944,4.46954923642
1512003790536536931,4.46329224412
1512003790771785020,4.4572674786
1512003791026427030,4.44077275601
1512003791231944084,4.4522058237
1512003791413754940,4.47607988992
1512003791644311904,4.47278925384
1512003791858092069,4.47817516723
1512003792065462112,4.48676479852
1512003792261020898,4.5006943068
1512003792456528902,4.51409249506
1512003792689888000,4.50883035456
1512003813969908952,3.50349424151
1512003814277981996,3.38065920978
1512003814618619918,3.22847638423
1512003814946495056,3.18041133518
1512003815232444047,3.24010371235
1512003815567269086,3.19734902762
1512003815856609106,3.23252191012
1512003816185965061,3.20788145164
1512003816521610975,3.18259224338
1512003816887542963,3.13344926958
1512003817228128910,3.11551328594
1512003817527945995,3.13376743582
1512003817854058980,3.13026584532
1512003818264527082,3.0689060852
1512003818669387102,3.02108749281
1512003818966228961,3.04098213597
1512003819351696014,3.01142160685
1512003819737588882,2.98612086606
1512003820034445047,3.003709509
1512003820334547996,3.01918692658
1512003820621654033,3.03892482048
1512003820979475975,3.02743611669
1512003821262202978,3.046966866
1512003821582073926,3.05078612506
1512003821920578002,3.04718968162
1512003822216377973,3.0591788498
1512003822514614105,3.06969298304
1512003822870919942,3.05992450228
1512003823250550985,3.04368503587
1512003823609633922,3.034264908
1512003823925906896,3.0384258582
1512003824222481966,3.04825492463
1512003824507976055,3.06082984832
1512003824799128055,3.07100152759
1512003825135008096,3.06874452448
1512003825472352981,3.06609713371
1512003825790218114,3.06863249675
1512003826103177070,3.0721585739
1512003826479036092,3.06031175878
1512003826850125074,3.05054483295
1512003827260031938,3.03242093135
1512003827540657997,3.04341605168
1512003827904063940,3.03627136988
1512003828265409946,3.02991952513
1512003828631680965,3.02293138494
1512003828905641078,3.0344683975
1512003829202900886,3.04097335269
1512003829532946109,3.0411211709
1512003829844737052,3.04468887342
1512003830124651908,3.05388134149
1512003830417995929,3.0604295783
1512003830758178949,3.05863856436
1512003831111457109,3.05388631061
1512003831442667007,3.05402656884
1512003831728215932,3.06088416275
1512003832007018089,3.06909517565
1512003832301425933,3.07445782346
1512003832612132072,3.07703874665
1512003832928363084,3.07857052686
1512003833222568035,3.08360000122
1512003833548954963,3.08349147338
1512003833886713027,3.08172687614
1512003834251106977,3.07611429338
1512003834566874027,3.07746857021
1512003834918381929,3.07383377038
1512003835217418909,3.07780767601
1512003835542186021,3.07801999264
1512003835893002033,3.07462341401
1512003836295614004,3.0642116742
1512003836591116905,3.06855759611
1512003836933077096,3.06653037332
1512003837209944009,3.07319584616
1512003837543581008,3.07219273999
1512003837954607963,3.06207359824
1512003838224631071,3.06876708114
1512003838512516975,3.07356483242
1512003838804501056,3.07781441554
1512003839085227966,3.08340036573
1512003839381905078,3.08690306121
1512003839704149007,3.08725685576
1512003840012383937,3.089307742
1512003840326411962,3.09063703527
3.31295991073
1512003604078011035,3.31197827621
1512003604349229097,3.31371266334
1512003604642065048,3.31427284038
1512003604928595066,3.31522479806
1512003605213596105,3.31619686372
1512003605518342018,3.31622206482
1512003605797769069,3.3175426521
1512003606077929019,3.31880831149
1512003606390022993,3.31832044485
1512003606694253921,3.31836471543
1512003606982338905,3.31906669895
1512003607334320068,3.31668439478
1512003607632561922,3.3169409844
1512003607922189950,3.31765790663
1512003608211221933,3.31845551964
1512003608508599042,3.31876821637
1512003608811184883,3.31884187063
1512003609128217935,3.31818649998
1512003609476267099,3.31605186136
1512003609819271087,3.31417993491
1512003610117353916,3.31444375844
1512003610400192975,3.31546995849
1512003610716841936,3.31488786942
1512003611103492975,3.31097580505
1512003611408931016,3.31096621117
1512003611677315950,3.31276289752
1512003611991199016,3.3122057117
1512003612343822002,3.30997394706
1512003612662555932,3.30932387234
1512003613006892919,3.30744084858
1512003613354746103,3.30546031712
1512003613633061885,3.30663096769
1512003613927679061,3.30710266169
1512003614274065971,3.30523054244
1512003614659056901,3.30159138261
1512003614991338014,3.3003787175
1512003615315066099,3.29954677419
1512003615665167093,3.29758318033
1512003616023494005,3.2952545753
1512003616387372970,3.29269780148
1512003616768287897,3.28941356354
1512003617117593050,3.2875652235
1512003617457334995,3.28609613654
1512003617806498050,3.28424016079
1512003618172295093,3.28167550726
1512003618514239072,3.28018009034
1512003618821408033,3.28019013026
1512003619123886108,3.28040807161
1512003619430811882,3.2804435468
1512003619733082056,3.28063241952
1512003620048657894,3.28024977266
1512003620385873079,3.27901548384
1512003620747518062,3.27672736198
1512003621046346902,3.27720295151
1512003621336460113,3.27776403045
1512003621638425111,3.27797573623
1512003621962685108,3.2772595629
1512003622281899929,3.27676817684
1512003622648221969,3.27439517481
1512003622959625005,3.27425561062
1512003623269516944,3.27415970884
1512003623577703952,3.27411315591
1512003623948698043,3.27162499275
1512003624252338886,3.27178465213
1512003624557266950,3.27188173319
1512003624862469911,3.27198929891
1512003625158324956,3.2724575416
1512003625448911905,3.27311208593
1512003625795705080,3.27163306061
1512003626099711894,3.2717886942
1512003626398607969,3.27210714516
1512003626702334880,3.27238801856
1512003626996583938,3.2727574486
1512003627318154096,3.27225247043
1512003627649637937,3.27135917759
1512003627962039947,3.27117636847
1512003628260516881,3.27151096961
1512003628606354951,3.27010689966
1512003628898874998,3.27065897518
1512003629202863931,3.27078874597
1512003629523230075,3.27032914865
1512003629833136081,3.27035849143
1512003630138307094,3.2704358769
1512003630490616083,3.26880936786
1512003630849344015,3.26699447641
1512003631209688901,3.26513358851
1512003631598227024,3.26225555381
1512003640367953062,3.53245383499
1512003640664623022,3.46086091282
1512003640965727090,3.42055672017
1512003641255383014,3.43429649011
1512003641576842069,3.36993012749
1512003641938144922,3.26366141826
1512003642287322044,3.19877819834
1512003642665923118,3.11914068204
1512003643042119026,3.06198244189
1512003643337526082,3.09311929387
1512003643647821903,3.10675652639
1512003643982980966,3.09751834535
1512003644308552980,3.09676889151
1512003644634403944,3.09682654653
1512003645019695997,3.0595871043
1512003645366513967,3.04888392328
1512003645666227102,3.06537754296
1512003645954129934,3.08694111002
1512003646263762950,3.09511401836
1512003646575422048,3.10169116648
1512003646894898891,3.10405123078
1512003647302814006,3.06813949946
1512003647686753988,3.04575383009
1512003648047173976,3.03406847823
1512003648326814889,3.05341647291
1512003648617698907,3.06748982621
1512003648907744884,3.08064571973
1512003649247246026,3.07609964595
1512003649543239116,3.08609870686
1512003649855484962,3.09035885452
1512003650147767066,3.10055984329
1512003650436739921,3.11129942247
1512003650725214958,3.12163834698
1512003651012218952,3.13196509888
1512003651294863939,3.14314565517
1512003651602793931,3.1462276064
1512003651896893978,3.1530030504
1512003652182190895,3.16206624552
1512003652476058959,3.16815039188
1512003652752691984,3.17846591277
1512003653050143003,3.18329152503
1512003653380405902,3.17990106403
1512003653756771087,3.16613607775
1512003654054115056,3.1708138553
1512003654376301050,3.16968023321
1512003654729135990,3.16190890139
1512003655026660919,3.16631268369
1512003719335491895,3.76550411961
1512003719644428968,3.49629142076
1512003719944840908,3.44342225154
1512003720238518953,3.44334738708
1512003720627269029,3.22644789027
1512003720905282974,3.28529289684
1512003721194739103,3.31128870942
1512003721506023883,3.30152682422
1512003721815881013,3.29518426142
1512003722108441114,3.30873638447
1512003722434205055,3.28720220782
1512003722725476026,3.30096555239
1512003723014549016,3.31461871729
1512003723319536924,3.31376295233
1512003723636090040,3.30494512091
1512003723930860996,3.31261167266
1512003724224921941,3.31937378952
1512003724501914024,3.33573740793
1512003724769001007,3.35624195752
1512003725047647953,3.36813555159
1512003725357861995,3.36195301822
1512003725660541057,3.36039907452
1512003725963428020,3.35863523954
1512003726254009008,3.36284180074
1512003726616981029,3.33471475048
1512003726932126998,3.32958881799
1512003727217403888,3.33656715069
1512003727506508111,3.34220762708
1512003727817919969,3.3374728865
1512003728126861095,3.33508199909
1512003728482481002,3.31580108962
1512003728823252916,3.30338304135
1512003783351901054,4.03908972877
1512003783554291963,4.46139168518
1512003783747221946,4.68228889778
1512003783934225082,4.83978731071
1512003784132725000,4.88526320851
1512003784352236986,4.83251960952
1512003784556278944,4.84499732964
1512003784772800922,4.81891571008
1512003784974270105,4.83802706041
1512003785175102949,4.85535907882
1512003785365634918,4.89112962189
1512003785575155973,4.88379204449
1512003785823421001,4.80683379011
1512003786078906059,4.73208440374
1512003786285028934,4.74272657587
1512003786492419004,4.74888215818
1512003786722520112,4.72777436284
1512003786961740016,4.69171285758
1512003787204828977,4.65888541162
1512003787462789058,4.61370753802
1512003787692526102,4.60158024682
1512003787949553012,4.56477897608
1512003788186980962,4.54869494314
1512003788383797883,4.56958813543
1512003788584747076,4.58533854039
1512003788832364082,4.56266758862
1512003789077691078,4.54355406705
1512003789291028976,4.54963613819
1512003789547338962,4.52425865885
1512003789803345918,4.5011520728
1512003790067677974,4.47455457023
1512003790300561904,4.46954923642
1512003790536397933,4.46329224412
1512003790771615982,4.4572674786
1512003791026056051,4.44077275601
1512003791231590986,4.4522058237
1512003791413064002,4.47607988992
1512003791644023895,4.47278925384
1512003791857841014,4.47817516723
1512003792065229892,4.48676479852
1512003792260596036,4.5006943068
1512003792456027030,4.51409249506
1512003792689745903,4.50883035456
1512003813969877958,3.50349424151
1512003814277647018,3.38065920978
1512003814618436098,3.22847638423
1512003814946332931,3.18041133518
1512003815232300996,3.24010371235
1512003815567143917,3.19734902762
1512003815856750965,3.23252191012
1512003816185946941,3.20788145164
1512003816521814107,3.18259224338
1512003816887360095,3.13344926958
1512003817227927923,3.11551328594
1512003817527637958,3.13376743582
1512003817853209972,3.13026584532
1512003818264065027,3.0689060852
1512003818669032096,3.02108749281
1512003818966691970,3.04098213597
1512003819351629018,3.01142160685
1512003819737335920,2.98612086606
1512003820034393072,3.003709509
1512003820334542989,3.01918692658
1512003820621499061,3.03892482048
1512003820979283094,3.02743611669
1512003821262267112,3.046966866
1512003821581667900,3.05078612506
1512003821920713901,3.04718968162
1512003822216155052,3.0591788498
1512003822514326095,3.06969298304
1512003822870677947,3.05992450228
1512003823250345945,3.04368503587
1512003823609129905,3.034264908
1512003823926197052,3.0384258582
1512003824222865104,3.04825492463
1512003824507829904,3.06082984832
1512003824799423933,3.07100152759
1512003825134404897,3.06874452448
1512003825472024917,3.06609713371
1512003825790016889,3.06863249675
1512003826103060007,3.0721585739
1512003826479254961,3.06031175878
1512003826849869966,3.05054483295
1512003827259746074,3.03242093135
1512003827541017055,3.04341605168
1512003827904258966,3.03627136988
1512003828265727043,3.02991952513
1512003828631531000,3.02293138494
1512003828905289888,3.0344683975
1512003829203264951,3.04097335269
1512003829532712936,3.0411211709
1512003829844779014,3.04468887342
1512003830124970912,3.05388134149
1512003830418189048,3.0604295783
1512003830758033037,3.05863856436
1512003831111102104,3.05388631061
1512003831442337036,3.05402656884
1512003831727660894,3.06088416275
1512003832006633996,3.06909517565
1512003832301079034,3.07445782346
1512003832611527919,3.07703874665
1512003832928216934,3.07857052686
1512003833222301006,3.08360000122
1512003833549138069,3.08349147338
1512003833886526107,3.08172687614
1512003834250960111,3.07611429338
1512003834567060947,3.07746857021
1512003834918592929,3.07383377038
1512003835217292070,3.07780767601
1512003835542011976,3.07801999264
1512003835892981052,3.07462341401
1512003836295614004,3.0642116742
1512003836591325998,3.06855759611
1512003836933507919,3.06653037332
1512003837210295915,3.07319584616
1512003837543596982,3.07219273999
1512003837954468011,3.06207359824
1512003838224380016,3.06876708114
1512003838512382030,3.07356483242
1512003838804764032,3.07781441554
1512003839085009098,3.08340036573
1512003839381547927,3.08690306121
1512003839704586982,3.08725685576
1512003840012753963,3.089307742
1512003840326013088,3.09063703527
03596076467990,3.31657867979
1512003596373289108,3.31699677842
1512003596713465929,3.31482830313
1512003597078694105,3.31125912442
1512003597375616073,3.31171939032
1512003597634020090,3.31441915748
1512003598003078937,3.31066691861
1512003598340408086,3.30882606432
1512003598661997079,3.30785672687
1512003598954102039,3.30863041866
1512003599242364883,3.30961645404
1512003599558444023,3.30912975563
1512003599881742000,3.3079108827
1512003600171632051,3.30883508735
1512003600466170072,3.30948268734
1512003600739702939,3.31120409047
1512003601028811931,3.31209583216
1512003601305795907,3.31359163149
1512003601672004938,3.31017739907
1512003601954634904,3.31143186745
1512003602232537031,3.31291251767
1512003602554472923,3.31200408197
1512003602834106922,3.31331420768
1512003603115082025,3.31455360102
1512003603424105882,3.31433131904
1512003603756527900,3.31295991073
1512003604078486919,3.31197827621
1512003604349328041,3.31371266334
1512003604642079114,3.31427284038
1512003604928198099,3.31522479806
1512003605213594913,3.31619686372
1512003605518562078,3.31622206482
1512003605797941923,3.3175426521
1512003606077507972,3.31880831149
1512003606390027999,3.31832044485
1512003606694261074,3.31836471543
1512003606982342958,3.31906669895
1512003607334485054,3.31668439478
1512003607632561922,3.3169409844
1512003607922193050,3.31765790663
1512003608211221933,3.31845551964
1512003608508747100,3.31876821637
1512003608811403989,3.31884187063
1512003609128549098,3.31818649998
1512003609476273059,3.31605186136
1512003609819272994,3.31417993491
1512003610117892980,3.31444375844
1512003610400509119,3.31546995849
1512003610716841936,3.31488786942
1512003611103636026,3.31097580505
1512003611409017086,3.31096621117
1512003611677421092,3.31276289752
1512003611991381883,3.3122057117
1512003612343931913,3.30997394706
1512003612662700891,3.30932387234
1512003613008157968,3.30744084858
1512003613354895114,3.30546031712
1512003613633269071,3.30663096769
1512003613927822113,3.30710266169
1512003614273957014,3.30523054244
1512003614659507989,3.30159138261
1512003614991655111,3.3003787175
1512003615315067052,3.29954677419
1512003615665168046,3.29758318033
1512003616024211883,3.2952545753
1512003616387622117,3.29269780148
1512003616772959947,3.28941356354
1512003617117759943,3.2875652235
1512003617457817077,3.28609613654
1512003617806835889,3.28424016079
1512003618172311067,3.28167550726
1512003618514220952,3.28018009034
1512003618821206092,3.28019013026
1512003619123930931,3.28040807161
1512003619430932998,3.2804435468
1512003619732930898,3.28063241952
1512003620048644065,3.28024977266
1512003620385706901,3.27901548384
1512003620747497081,3.27672736198
1512003621047363042,3.27720295151
1512003621336463928,3.27776403045
1512003621638438940,3.27797573623
1512003621962692022,3.2772595629
1512003622281904935,3.27676817684
1512003622648222923,3.27439517481
1512003622959019899,3.27425561062
1512003623269206047,3.27415970884
1512003623577882051,3.27411315591
1512003623948705911,3.27162499275
1512003624252338886,3.27178465213
1512003624557295083,3.27188173319
1512003624862482070,3.27198929891
1512003625158308029,3.2724575416
1512003625449156045,3.27311208593
1512003625795161962,3.27163306061
1512003626099791049,3.2717886942
1512003626399113893,3.27210714516
1512003626702651023,3.27238801856
1512003626996912002,3.2727574486
1512003627318373918,3.27225247043
1512003627649764060,3.27135917759
1512003627962038993,3.27117636847
1512003628260788917,3.27151096961
1512003628606760025,3.27010689966
1512003628898998975,3.27065897518
1512003629202987909,3.27078874597
1512003629523400068,3.27032914865
1512003629832901954,3.27035849143
1512003630138433933,3.2704358769
1512003630490858078,3.26880936786
1512003630849484920,3.26699447641
1512003631209835052,3.26513358851
1512003631598535060,3.26225555381
1512003640367952108,3.53245383499
1512003640664741992,3.46086091282
1512003640965843915,3.42055672017
1512003641255553960,3.43429649011
1512003641576958894,3.36993012749
1512003641938323974,3.26366141826
1512003642287556886,3.19877819834
1512003642666137933,3.11914068204
1512003643042448997,3.06198244189
1512003643337714910,3.09311929387
1512003643647805929,3.10675652639
1512003643983023881,3.09751834535
1512003644308722972,3.09676889151
1512003644634623050,3.09682654653
1512003645019867897,3.0595871043
1512003645366581916,3.04888392328
1512003645666065931,3.06537754296
1512003645953839063,3.08694111002
1512003646263762950,3.09511401836
1512003646575722932,3.10169116648
1512003646895000934,3.10405123078
1512003647302922010,3.06813949946
1512003647686467885,3.04575383009
1512003648046554088,3.03406847823
1512003648326582908,3.05341647291
1512003648617479085,3.06748982621
1512003648907643079,3.08064571973
1512003649247345924,3.07609964595
1512003649543495893,3.08609870686
1512003649855679988,3.09035885452
1512003650147769927,3.10055984329
1512003650436264038,3.11129942247
1512003650725085020,3.12163834698
1512003651012044906,3.13196509888
1512003651294763088,3.14314565517
1512003651602730035,3.1462276064
1512003651897106885,3.1530030504
1512003652181489944,3.16206624552
1512003652476092100,3.16815039188
1512003652752958059,3.17846591277
1512003653050137996,3.18329152503
1512003653380253076,3.17990106403
1512003653756603002,3.16613607775
1512003654054228067,3.1708138553
1512003654376405954,3.16968023321
1512003654729001045,3.16190890139
1512003655026412963,3.16631268369
1512003719335633039,3.76550411961
1512003719643987894,3.49629142076
1512003719944727897,3.44342225154
1512003720238379001,3.44334738708
1512003720627157926,3.22644789027
1512003720905169963,3.28529289684
1512003721194541931,3.31128870942
1512003721505914926,3.30152682422
1512003721815815925,3.29518426142
1512003722108294010,3.30873638447
1512003722434048891,3.28720220782
1512003722725090980,3.30096555239
1512003723014427900,3.31461871729
1512003723319531917,3.31376295233
1512003723635863065,3.30494512091
1512003723930489063,3.31261167266
1512003724224926948,3.31937378952
1512003724502263069,3.33573740793
1512003724769128084,3.35624195752
1512003725047688961,3.36813555159
1512003725357691049,3.36195301822
1512003725660433053,3.36039907452
1512003725963526964,3.35863523954
1512003726253945112,3.36284180074
1512003726616652011,3.33471475048
1512003726931797981,3.32958881799
1512003727217119932,3.33656715069
1512003727506323099,3.34220762708
1512003727817698955,3.3374728865
1512003728126615047,3.33508199909
1512003728483179092,3.31580108962
1512003728823906898,3.30338304135
1512003783352029085,4.03908972877
1512003783553926944,4.46139168518
1512003783747397899,4.68228889778
1512003783933950901,4.83978731071
1512003784133135080,4.88526320851
1512003784352071046,4.83251960952
1512003784556540012,4.84499732964
1512003784773015022,4.81891571008
1512003784974236965,4.83802706041
1512003785175365924,4.85535907882
1512003785365811109,4.89112962189
1512003785574996948,4.88379204449
1512003785823246955,4.80683379011
1512003786078685998,4.73208440374
1512003786284913063,4.74272657587
1512003786492299079,4.74888215818
1512003786722309112,4.72777436284
1512003786961468935,4.69171285758
1512003787204567909,4.65888541162
1512003787462917089,4.61370753802
1512003787692497014,4.60158024682
1512003787949435949,4.56477897608
1512003788187232971,4.54869494314
1512003788383580923,4.56958813543
1512003788584774971,4.58533854039
1512003788832509994,4.56266758862
1512003789077899932,4.54355406705
1512003789290862083,4.54963613819
1512003789547523021,4.52425865885
1512003789803637027,4.5011520728
1512003790067532062,4.47455457023
1512003790300744056,4.46954923642
1512003790536396980,4.46329224412
1512003790771615028,4.4572674786
1512003791026027917,4.44077275601
1512003791231859922,4.4522058237
1512003791413491010,4.47607988992
1512003791644224882,4.47278925384
1512003791857824087,4.47817516723
1512003792065033912,4.48676479852
1512003792260919094,4.5006943068
1512003792456398963,4.51409249506
1512003792689733028,4.50883035456
1512003813969734907,3.50349424151
1512003814277352094,3.38065920978
1512003814618305921,3.22847638423
1512003814946332931,3.18041133518
1512003815231949090,3.24010371235
1512003815566607952,3.19734902762
1512003815856585025,3.23252191012
1512003816185949087,3.20788145164
1512003816521579027,3.18259224338
1512003816887360095,3.13344926958
1512003817227927923,3.11551328594
1512003817527635097,3.13376743582
1512003817853868007,3.13026584532
1512003818263659954,3.0689060852
1512003818668699979,3.02108749281
1512003818966219902,3.04098213597
1512003819351629018,3.01142160685
1512003819737318992,2.98612086606
1512003820034394979,3.003709509
1512003820334357023,3.01918692658
1512003820621462106,3.03892482048
1512003820979269981,3.02743611669
1512003821262113094,3.046966866
1512003821581640005,3.05078612506
1512003821920363903,3.04718968162
1512003822216150045,3.0591788498
1512003822514828920,3.06969298304
1512003822870676994,3.05992450228
1512003823250324964,3.04368503587
1512003823609168052,3.034264908
1512003823925908088,3.0384258582
1512003824222455978,3.04825492463
1512003824507334947,3.06082984832
1512003824799232959,3.07100152759
1512003825134418010,3.06874452448
1512003825472589015,3.06609713371
1512003825789823055,3.06863249675
1512003826102850914,3.0721585739
1512003826479034900,3.06031175878
1512003826849868059,3.05054483295
1512003827259434938,3.03242093135
1512003827540409088,3.04341605168
1512003827904594898,3.03627136988
1512003828265979051,3.02991952513
1512003828631184101,3.02293138494
1512003828905996084,3.0344683975
1512003829202868938,3.04097335269
1512003829532726049,3.0411211709
1512003829844580888,3.04468887342
1512003830124591112,3.05388134149
1512003830417654037,3.0604295783
1512003830758424043,3.05863856436
1512003831111085891,3.05388631061
1512003831442337036,3.05402656884
1512003831728347063,3.06088416275
1512003832006273984,3.06909517565
1512003832301563024,3.07445782346
1512003832611459970,3.07703874665
1512003832928005933,3.07857052686
1512003833222219944,3.08360000122
1512003833548954963,3.08349147338
1512003833886518955,3.08172687614
1512003834249500989,3.07611429338
1512003834566657066,3.07746857021
1512003834918075084,3.07383377038
1512003835217118024,3.07780767601
1512003835541913986,3.07801999264
1512003835892982959,3.07462341401
1512003836295614004,3.0642116742
1512003836590944051,3.06855759611
1512003836933063030,3.06653037332
1512003837209587097,3.07319584616
1512003837543576955,3.07219273999
1512003837954468011,3.06207359824
1512003838224029064,3.06876708114
1512003838512129068,3.07356483242
1512003838804035902,3.07781441554
1512003839085546016,3.08340036573
1512003839381526947,3.08690306121
1512003839704807996,3.08725685576
1512003840012074947,3.089307742
1512003840325979948,3.09063703527
4
1512003604642334938,3.31427284038
1512003604928400993,3.31522479806
1512003605213897943,3.31619686372
1512003605518899917,3.31622206482
1512003605797791957,3.3175426521
1512003606077760934,3.31880831149
1512003606390279054,3.31832044485
1512003606694494962,3.31836471543
1512003606982477903,3.31906669895
1512003607334177017,3.31668439478
1512003607632677078,3.3169409844
1512003607922270059,3.31765790663
1512003608211364030,3.31845551964
1512003608508763074,3.31876821637
1512003608811294078,3.31884187063
1512003609128436088,3.31818649998
1512003609476468086,3.31605186136
1512003609819406032,3.31417993491
1512003610117497920,3.31444375844
1512003610400933980,3.31546995849
1512003610717119932,3.31488786942
1512003611103775978,3.31097580505
1512003611409102916,3.31096621117
1512003611677503108,3.31276289752
1512003611991559982,3.3122057117
1512003612344146013,3.30997394706
1512003612662928104,3.30932387234
1512003613008058071,3.30744084858
1512003613355133056,3.30546031712
1512003613633480072,3.30663096769
1512003613927930116,3.30710266169
1512003614273843050,3.30523054244
1512003614659400939,3.30159138261
1512003614991517066,3.3003787175
1512003615315197944,3.29954677419
1512003615665297031,3.29758318033
1512003616024091958,3.2952545753
1512003616387520074,3.29269780148
1512003616773184061,3.28941356354
1512003617117592096,3.2875652235
1512003617457647085,3.28609613654
1512003617806691884,3.28424016079
1512003618172486066,3.28167550726
1512003618514478921,3.28018009034
1512003618821629047,3.28019013026
1512003619124073028,3.28040807161
1512003619431030988,3.2804435468
1512003619733207941,3.28063241952
1512003620048785924,3.28024977266
1512003620385894060,3.27901548384
1512003620747653961,3.27672736198
1512003621046482086,3.27720295151
1512003621336601018,3.27776403045
1512003621638556957,3.27797573623
1512003621962815046,3.2772595629
1512003622282037019,3.27676817684
1512003622648348093,3.27439517481
1512003622959450960,3.27425561062
1512003623269414901,3.27415970884
1512003623578232049,3.27411315591
1512003623948851108,3.27162499275
1512003624252466917,3.27178465213
1512003624557502985,3.27188173319
1512003624862607955,3.27198929891
1512003625158536911,3.2724575416
1512003625449372053,3.27311208593
1512003625795535087,3.27163306061
1512003626099531888,3.2717886942
1512003626398756027,3.27210714516
1512003626702455043,3.27238801856
1512003626996710062,3.2727574486
1512003627318363904,3.27225247043
1512003627649878025,3.27135917759
1512003627962270021,3.27117636847
1512003628260679960,3.27151096961
1512003628606600999,3.27010689966
1512003628898999929,3.27065897518
1512003629202994108,3.27078874597
1512003629523729085,3.27032914865
1512003629833328962,3.27035849143
1512003630138667106,3.2704358769
1512003630491086959,3.26880936786
1512003630849790096,3.26699447641
1512003631210031032,3.26513358851
1512003631598243951,3.26225555381
1512003640368360996,3.53245383499
1512003640664717912,3.46086091282
1512003640965842962,3.42055672017
1512003641255574941,3.43429649011
1512003641576848983,3.36993012749
1512003641938205957,3.26366141826
1512003642287441015,3.19877819834
1512003642666034936,3.11914068204
1512003643042349100,3.06198244189
1512003643337704896,3.09311929387
1512003643647705078,3.10675652639
1512003643982861995,3.09751834535
1512003644308474063,3.09676889151
1512003644634196996,3.09682654653
1512003645019493103,3.0595871043
1512003645366378068,3.04888392328
1512003645666093111,3.06537754296
1512003645954000949,3.08694111002
1512003646263762950,3.09511401836
1512003646575509071,3.10169116648
1512003646895112991,3.10405123078
1512003647302937030,3.06813949946
1512003647686573028,3.04575383009
1512003648046884059,3.03406847823
1512003648326423883,3.05341647291
1512003648617579936,3.06748982621
1512003648907645940,3.08064571973
1512003649247144937,3.07609964595
1512003649543378114,3.08609870686
1512003649855499029,3.09035885452
1512003650147769927,3.10055984329
1512003650436954021,3.11129942247
1512003650725440025,3.12163834698
1512003651012408018,3.13196509888
1512003651294970035,3.14314565517
1512003651602766990,3.1462276064
1512003651896724939,3.1530030504
1512003652181600093,3.16206624552
1512003652476203918,3.16815039188
1512003652752811908,3.17846591277
1512003653050244092,3.18329152503
1512003653380620956,3.17990106403
1512003653756745100,3.16613607775
1512003654054121017,3.1708138553
1512003654376200914,3.16968023321
1512003654729021072,3.16190890139
1512003655026451110,3.16631268369
1512003719335500001,3.76550411961
1512003719643989086,3.49629142076
1512003719944955110,3.44342225154
1512003720238518953,3.44334738708
1512003720627166032,3.22644789027
1512003720905371904,3.28529289684
1512003721195034980,3.31128870942
1512003721506231069,3.30152682422
1512003721816035985,3.29518426142
1512003722108567953,3.30873638447
1512003722434303045,3.28720220782
1512003722725676059,3.30096555239
1512003723014643907,3.31461871729
1512003723320046901,3.31376295233
1512003723636482954,3.30494512091
1512003723930999994,3.31261167266
1512003724225055932,3.31937378952
1512003724502093076,3.33573740793
1512003724769299983,3.35624195752
1512003725047627925,3.36813555159
1512003725358347892,3.36195301822
1512003725660723924,3.36039907452
1512003725963732957,3.35863523954
1512003726254112005,3.36284180074
1512003726617263078,3.33471475048
1512003726932322978,3.32958881799
1512003727217689037,3.33656715069
1512003727506664991,3.34220762708
1512003727818110942,3.3374728865
1512003728127029895,3.33508199909
1512003728482589960,3.31580108962
1512003728823024988,3.30338304135
1512003783352164030,4.03908972877
1512003783554394960,4.46139168518
1512003783747623920,4.68228889778
1512003783934077978,4.83978731071
1512003784133281946,4.88526320851
1512003784352356910,4.83251960952
1512003784556854963,4.84499732964
1512003784773293018,4.81891571008
1512003784974457025,4.83802706041
1512003785175369024,4.85535907882
1512003785365632057,4.89112962189
1512003785574820041,4.88379204449
1512003785823247909,4.80683379011
1512003786079117059,4.73208440374
1512003786285284996,4.74272657587
1512003786492532968,4.74888215818
1512003786722611904,4.72777436284
1512003786961864948,4.69171285758
1512003787204957008,4.65888541162
1512003787463166952,4.61370753802
1512003787692684888,4.60158024682
1512003787949817895,4.56477897608
1512003788187309026,4.54869494314
1512003788383944988,4.56958813543
1512003788584753990,4.58533854039
1512003788832644939,4.56266758862
1512003789077686071,4.54355406705
1512003789291296005,4.54963613819
1512003789547516107,4.52425865885
1512003789803323984,4.5011520728
1512003790067531108,4.47455457023
1512003790300571918,4.46954923642
1512003790536410093,4.46329224412
1512003790771785020,4.4572674786
1512003791026218891,4.44077275601
1512003791232048034,4.4522058237
1512003791413885116,4.47607988992
1512003791644399881,4.47278925384
1512003791858191013,4.47817516723
1512003792065613031,4.48676479852
1512003792261138916,4.5006943068
1512003792456624984,4.51409249506
1512003792689743041,4.50883035456
1512003813969878911,3.50349424151
1512003814277868986,3.38065920978
1512003814618630886,3.22847638423
1512003814946611881,3.18041133518
1512003815232151985,3.24010371235
1512003815567030906,3.19734902762
1512003815856956005,3.23252191012
1512003816186496973,3.20788145164
1512003816522192001,3.18259224338
1512003816887541055,3.13344926958
1512003817228105068,3.11551328594
1512003817527828931,3.13376743582
1512003817853688001,3.13026584532
1512003818263669967,3.0689060852
1512003818668885946,3.02108749281
1512003818966409921,3.04098213597
1512003819351810932,3.01142160685
1512003819737489938,2.98612086606
1512003820034651041,3.003709509
1512003820334379911,3.01918692658
1512003820621690988,3.03892482048
1512003820979598045,3.02743611669
1512003821262397050,3.046966866
1512003821581929922,3.05078612506
1512003821920574903,3.04718968162
1512003822216332912,3.0591788498
1512003822514529943,3.06969298304
1512003822870687961,3.05992450228
1512003823250408887,3.04368503587
1512003823609355926,3.034264908
1512003823925945997,3.0384258582
1512003824222677946,3.04825492463
1512003824508105039,3.06082984832
1512003824799360990,3.07100152759
1512003825135176897,3.06874452448
1512003825472665071,3.06609713371
1512003825790285110,3.06863249675
1512003826103499889,3.0721585739
1512003826479804039,3.06031175878
1512003826850291967,3.05054483295
1512003827259669065,3.03242093135
1512003827540419101,3.04341605168
1512003827904079914,3.03627136988
1512003828265408992,3.02991952513
1512003828631689071,3.02293138494
1512003828905752897,3.0344683975
1512003829203430891,3.04097335269
1512003829533287048,3.0411211709
1512003829844868898,3.04468887342
1512003830124800920,3.05388134149
1512003830417867898,3.0604295783
1512003830758296966,3.05863856436
1512003831111587047,3.05388631061
1512003831442568063,3.05402656884
1512003831728087902,3.06088416275
1512003832006889104,3.06909517565
1512003832301316022,3.07445782346
1512003832612008094,3.07703874665
1512003832928265094,3.07857052686
1512003833222434997,3.08360000122
1512003833549279928,3.08349147338
1512003833886885881,3.08172687614
1512003834251187086,3.07611429338
1512003834566663980,3.07746857021
1512003834918109893,3.07383377038
1512003835217514991,3.07780767601
1512003835542296886,3.07801999264
1512003835893201112,3.07462341401
1512003836295778036,3.0642116742
1512003836591233015,3.06855759611
1512003836933382034,3.06653037332
1512003837210251092,3.07319584616
1512003837543816089,3.07219273999
1512003837954596042,3.06207359824
1512003838224772930,3.06876708114
1512003838512609958,3.07356483242
1512003838804292917,3.07781441554
1512003839085390090,3.08340036573
1512003839381696939,3.08690306121
1512003839703838109,3.08725685576
1512003840012590885,3.089307742
1512003840326343059,3.09063703527
2003597078461885,3.31125912442
1512003597375614881,3.31171939032
1512003597633846044,3.31441915748
1512003598003076076,3.31066691861
1512003598340399980,3.30882606432
1512003598661819934,3.30785672687
1512003598953938007,3.30863041866
1512003599242240905,3.30961645404
1512003599558325052,3.30912975563
1512003599882436037,3.3079108827
1512003600172127008,3.30883508735
1512003600466339111,3.30948268734
1512003600739847898,3.31120409047
1512003601028809070,3.31209583216
1512003601305671930,3.31359163149
1512003601671875000,3.31017739907
1512003601954652070,3.31143186745
1512003602232126951,3.31291251767
1512003602554164886,3.31200408197
1512003602833872079,3.31331420768
1512003603114845037,3.31455360102
1512003603423795938,3.31433131904
1512003603757242918,3.31295991073
1512003604078145027,3.31197827621
1512003604349134922,3.31371266334
1512003604642066001,3.31427284038
1512003604928076028,3.31522479806
1512003605213593959,3.31619686372
1512003605518336057,3.31622206482
1512003605797586917,3.3175426521
1512003606077852010,3.31880831149
1512003606390038013,3.31832044485
1512003606694283962,3.31836471543
1512003606982338905,3.31906669895
1512003607333870887,3.31668439478
1512003607632786989,3.3169409844
1512003607922499895,3.31765790663
1512003608211235046,3.31845551964
1512003608508599042,3.31876821637
1512003608810937881,3.31884187063
1512003609128232002,3.31818649998
1512003609476319074,3.31605186136
1512003609819272041,3.31417993491
1512003610118077993,3.31444375844
1512003610400429964,3.31546995849
1512003610716850042,3.31488786942
1512003611103302955,3.31097580505
1512003611408817052,3.31096621117
1512003611677304029,3.31276289752
1512003611991204977,3.3122057117
1512003612343697071,3.30997394706
1512003612662370920,3.30932387234
1512003613006776094,3.30744084858
1512003613354582071,3.30546031712
1512003613633053064,3.30663096769
1512003613927679061,3.30710266169
1512003614273727893,3.30523054244
1512003614659290075,3.30159138261
1512003614991568088,3.3003787175
1512003615315068006,3.29954677419
1512003615665168046,3.29758318033
1512003616024101018,3.2952545753
1512003616387372016,3.29269780148
1512003616768057107,3.28941356354
1512003617117469072,3.2875652235
1512003617457349061,3.28609613654
1512003617806329965,3.28424016079
1512003618172101974,3.28167550726
1512003618514226913,3.28018009034
1512003618821429967,3.28019013026
1512003619124094963,3.28040807161
1512003619430811882,3.2804435468
1512003619732922077,3.28063241952
1512003620048630952,3.28024977266
1512003620385689020,3.27901548384
1512003620747492074,3.27672736198
1512003621047349929,3.27720295151
1512003621336460113,3.27776403045
1512003621638425111,3.27797573623
1512003621962685108,3.2772595629
1512003622281899929,3.27676817684
1512003622648221969,3.27439517481
1512003622959297895,3.27425561062
1512003623269031047,3.27415970884
1512003623577824115,3.27411315591
1512003623948831081,3.27162499275
1512003624252461910,3.27178465213
1512003624557585954,3.27188173319
1512003624862482070,3.27198929891
1512003625158432960,3.2724575416
1512003625449043989,3.27311208593
1512003625795377016,3.27163306061
1512003626099400043,3.2717886942
1512003626398581981,3.27210714516
1512003626702333927,3.27238801856
1512003626996586084,3.2727574486
1512003627318167924,3.27225247043
1512003627650192975,3.27135917759
1512003627962388992,3.27117636847
1512003628260536909,3.27151096961
1512003628606372117,3.27010689966
1512003628898860931,3.27065897518
1512003629202862977,3.27078874597
1512003629523937940,3.27032914865
1512003629833472013,3.27035849143
1512003630138771057,3.2704358769
1512003630490720987,3.26880936786
1512003630849345922,3.26699447641
1512003631209717988,3.26513358851
1512003631598695993,3.26225555381
1512003640368165969,3.53245383499
1512003640664598941,3.46086091282
1512003640965725898,3.42055672017
1512003641255407094,3.43429649011
1512003641576674938,3.36993012749
1512003641938049077,3.26366141826
1512003642287173986,3.19877819834
1512003642665771007,3.11914068204
1512003643042248964,3.06198244189
1512003643337526082,3.09311929387
1512003643647687911,3.10675652639
1512003643982856035,3.09751834535
1512003644308254003,3.09676889151
1512003644633969068,3.09682654653
1512003645019169092,3.0595871043
1512003645366252899,3.04888392328
1512003645666332006,3.06537754296
1512003645953847885,3.08694111002
1512003646263597011,3.09511401836
1512003646575654029,3.10169116648
1512003646894844055,3.10405123078
1512003647302798032,3.06813949946
1512003647686250925,3.04575383009
1512003648046785116,3.03406847823
1512003648326255083,3.05341647291
1512003648617245912,3.06748982621
1512003648907486915,3.08064571973
1512003649247021913,3.07609964595
1512003649543394088,3.08609870686
1512003649855679035,3.09035885452
1512003650147768974,3.10055984329
1512003650436388969,3.11129942247
1512003650724700927,3.12163834698
1512003651011713027,3.13196509888
1512003651294506072,3.14314565517
1512003651602412939,3.1462276064
1512003651897252082,3.1530030504
1512003652181701898,3.16206624552
1512003652475970983,3.16815039188
1512003652752669095,3.17846591277
1512003653050025939,3.18329152503
1512003653380253076,3.17990106403
1512003653756474018,3.16613607775
1512003654053999900,3.1708138553
1512003654375976085,3.16968023321
1512003654728874921,3.16190890139
1512003655026179075,3.16631268369
1512003719335768938,3.76550411961
1512003719644227027,3.49629142076
1512003719944713115,3.44342225154
1512003720238392114,3.44334738708
1512003720627376079,3.22644789027
1512003720905287981,3.28529289684
1512003721194535017,3.31128870942
1512003721505907058,3.30152682422
1512003721815699100,3.29518426142
1512003722108300924,3.30873638447
1512003722434068918,3.28720220782
1512003722725316047,3.30096555239
1512003723014431953,3.31461871729
1512003723319531917,3.31376295233
1512003723635864973,3.30494512091
1512003723930763006,3.31261167266
1512003724224889993,3.31937378952
1512003724501889944,3.33573740793
1512003724769001007,3.35624195752
1512003725047494888,3.36813555159
1512003725357515096,3.36195301822
1512003725660316944,3.36039907452
1512003725963285923,3.35863523954
1512003726253822088,3.36284180074
1512003726616728067,3.33471475048
1512003726931974887,3.32958881799
1512003727217273950,3.33656715069
1512003727506427049,3.34220762708
1512003727817816972,3.3374728865
1512003728126622915,3.33508199909
1512003728482352972,3.31580108962
1512003728823417901,3.30338304135
1512003783352035999,4.03908972877
1512003783554116964,4.46139168518
1512003783747524023,4.68228889778
1512003783934200048,4.83978731071
1512003784132965087,4.88526320851
1512003784352077960,4.83251960952
1512003784556732892,4.84499732964
1512003784773163080,4.81891571008
1512003784974251031,4.83802706041
1512003785175137042,4.85535907882
1512003785365629911,4.89112962189
1512003785574837923,4.88379204449
1512003785823268890,4.80683379011
1512003786078711032,4.73208440374
1512003786284699916,4.74272657587
1512003786492096900,4.74888215818
1512003786722425937,4.72777436284
1512003786961632013,4.69171285758
1512003787204626083,4.65888541162
1512003787462568044,4.61370753802
1512003787692297935,4.60158024682
1512003787949232101,4.56477897608
1512003788187123060,4.54869494314
1512003788383593082,4.56958813543
1512003788584789037,4.58533854039
1512003788832370042,4.56266758862
1512003789077729940,4.54355406705
1512003789290648937,4.54963613819
1512003789547338008,4.52425865885
1512003789803471088,4.5011520728
1512003790067531108,4.47455457023
1512003790300596952,4.46954923642
1512003790536449909,4.46329224412
1512003790771642923,4.4572674786
1512003791026241064,4.44077275601
1512003791231749057,4.4522058237
1512003791413321971,4.47607988992
1512003791644144058,4.47278925384
1512003791857985019,4.47817516723
1512003792065362930,4.48676479852
1512003792260803937,4.5006943068
1512003792456233978,4.51409249506
1512003792689853906,4.50883035456
1512003813969734907,3.50349424151
1512003814277755022,3.38065920978
1512003814618458032,3.22847638423
1512003814946491003,3.18041133518
1512003815231971025,3.24010371235
1512003815566875934,3.19734902762
1512003815856863021,3.23252191012
1512003816186362028,3.20788145164
1512003816522002935,3.18259224338
1512003816887376070,3.13344926958
1512003817227927923,3.11551328594
1512003817527640104,3.13376743582
1512003817853491067,3.13026584532
1512003818263881921,3.0689060852
1512003818669146060,3.02108749281
1512003818966583967,3.04098213597
1512003819351942062,3.01142160685
1512003819737442016,2.98612086606
1512003820034832000,3.003709509
1512003820334357976,3.01918692658
1512003820621462106,3.03892482048
1512003820979726076,3.02743611669
1512003821262502908,3.046966866
1512003821581901073,3.05078612506
1512003821920737028,3.04718968162
1512003822216522932,3.0591788498
1512003822515002012,3.06969298304
1512003822871062040,3.05992450228
1512003823250446081,3.04368503587
1512003823609605073,3.034264908
1512003823926532030,3.0384258582
1512003824222970008,3.04825492463
1512003824507996082,3.06082984832
1512003824798755884,3.07100152759
1512003825134660005,3.06874452448
1512003825472297906,3.06609713371
1512003825790046930,3.06863249675
1512003826103271007,3.0721585739
1512003826479433059,3.06031175878
1512003826850074052,3.05054483295
1512003827259921073,3.03242093135
1512003827540853023,3.04341605168
1512003827904405117,3.03627136988
1512003828265590906,3.02991952513
1512003828631655931,3.02293138494
1512003828905503034,3.0344683975
1512003829203075885,3.04097335269
1512003829533107995,3.0411211709
1512003829844551086,3.04468887342
1512003830124608993,3.05388134149
1512003830418097019,3.0604295783
1512003830758033990,3.05863856436
1512003831111084938,3.05388631061
1512003831442337036,3.05402656884
1512003831727854013,3.06088416275
1512003832006455898,3.06909517565
1512003832300856113,3.07445782346
1512003832611726045,3.07703874665
1512003832928039073,3.07857052686
1512003833222435951,3.08360000122
1512003833548955917,3.08349147338
1512003833886610984,3.08172687614
1512003834249692916,3.07611429338
1512003834566857099,3.07746857021
1512003834918355941,3.07383377038
1512003835217609882,3.07780767601
1512003835541830062,3.07801999264
1512003835892982006,3.07462341401
1512003836295614004,3.0642116742
1512003836590962886,3.06855759611
1512003836933233022,3.06653037332
1512003837210061073,3.07319584616
1512003837543755054,3.07219273999
1512003837954468011,3.06207359824
1512003838224509000,3.06876708114
1512003838512711048,3.07356483242
1512003838804636001,3.07781441554
1512003839084734916,3.08340036573
1512003839381805896,3.08690306121
1512003839704377889,3.08725685576
1512003840012099027,3.089307742
1512003840326236963,3.09063703527
