0.109757 
0.124768 
0.143179 
0.163765 
0.187311 
0.214384 
0.239119 
0.283223 
0.307479 
0.322837 
0.363275 
0.380164 
0.391766 
0.456676 
0.477625 
0.507102 
0.569039 
0.620765 
0.647522 
0.673272 
0.705932 
0.789525 
0.828003 
0.818000 
0.915105 
0.920479 
1.019652 
1.017637 
1.063623 
1.130104 
1.123210 
1.248174 
1.262698 
1.319735 
1.289525 
1.411169 
1.393898 
1.498306 
1.587978 
1.637487 
1.600497 
1.681145 
1.712588 
1.810686 
1.961889 
1.950261 
2.075874 
2.065532 
2.163063 
2.182767 
2.469739 
2.507104 
2.388241 
2.480499 
2.579931 
2.679058 
2.771972 
2.806836 
2.775141 
2.897880 
