9.111042 
8.014884 
6.984253 
6.106315 
5.338711 
4.664519 
4.182020 
3.530781 
3.252254 
3.097537 
2.752734 
2.630440 
2.552541 
2.189738 
2.093693 
1.971989 
1.757349 
1.610915 
1.544349 
1.485283 
1.416566 
1.266584 
1.207725 
1.222495 
1.092771 
1.086391 
0.980727 
0.982668 
0.940183 
0.884874 
0.890305 
0.801171 
0.791955 
0.757728 
0.775479 
0.708632 
0.717413 
0.667420 
0.629732 
0.610692 
0.624806 
0.594833 
0.583912 
0.552277 
0.509713 
0.512752 
0.481725 
0.484137 
0.462307 
0.458134 
0.404901 
0.398867 
0.418718 
0.403145 
0.387607 
0.373266 
0.360754 
0.356273 
0.360342 
0.345080 
